n_values: [100, 150, 200, 250, 300, 350, 400, 500]
worst_cases: [9.059906005859375e-06, 5.0067901611328125e-06, 5.245208740234375e-06, 5.7220458984375e-06, 5.9604644775390625e-06, 6.67572021484375e-06, 6.67572021484375e-06, 2.0265579223632812e-05]
average_cases: [3.6716461181640626e-06, 2.956390380859375e-06, 3.4570693969726562e-06, 4.029273986816406e-06, 4.673004150390625e-06, 5.197525024414063e-06, 5.602836608886719e-06, 9.72747802734375e-06]
